amino_acid codon h_sapiens m_musculus cai_low_2_same_gc cai_low_3_same_gc cai_low_4_same_gc cai_low_5_same_gc
* TAA 0.3 0.28 0.28 0.28 0.28 0.28
* TAG 0.24 0.23 0.2 0.2 0.2 0.2
* TGA 0.47 0.49 0.52 0.52 0.52 0.52
A GCA 0.23 0.23 0.23 0.23 0.23 0.23
A GCC 0.4 0.38 0.4 0.4 0.4 0.4
A GCG 0.11 0.09 0.11 0.11 0.11 0.11
A GCT 0.27 0.29 0.26 0.26 0.26 0.26
C TGC 0.54 0.52 0.55 0.55 0.55 0.55
C TGT 0.46 0.48 0.45 0.45 0.45 0.45
D GAC 0.54 0.55 0.54 0.54 0.54 0.54
D GAT 0.46 0.45 0.46 0.46 0.46 0.46
E GAA 0.42 0.41 0.42 0.42 0.42 0.42
E GAG 0.58 0.59 0.58 0.58 0.58 0.58
F TTC 0.54 0.56 0.55 0.55 0.55 0.55
F TTT 0.46 0.44 0.45 0.45 0.45 0.45
G GGA 0.25 0.26 0.25 0.25 0.25 0.25
G GGC 0.34 0.33 0.34 0.34 0.34 0.34
G GGG 0.25 0.23 0.25 0.25 0.25 0.25
G GGT 0.16 0.18 0.16 0.16 0.16 0.16
H CAC 0.58 0.59 0.59 0.59 0.59 0.59
H CAT 0.42 0.41 0.41 0.41 0.41 0.41
I ATA 0.17 0.16 0.36 0.16 0.16 0.16
I ATC 0.47 0.5 0.48 0.48 0.48 0.48
I ATT 0.36 0.34 0.16 0.36 0.36 0.36
K AAA 0.43 0.39 0.42 0.42 0.42 0.42
K AAG 0.57 0.61 0.58 0.58 0.58 0.58
L CTA 0.07 0.08 0.07 0.07 0.07 0.07
L CTC 0.2 0.2 0.41 0.2 0.2 0.2
L CTG 0.4 0.39 0.2 0.41 0.41 0.41
L CTT 0.13 0.13 0.13 0.13 0.13 0.13
L TTA 0.08 0.07 0.07 0.07 0.07 0.07
L TTG 0.13 0.13 0.13 0.13 0.13 0.13
M ATG 1.0 1.0 1.0 1.0 1.0 1.0
N AAC 0.53 0.57 0.54 0.54 0.54 0.54
N AAT 0.47 0.43 0.46 0.46 0.46 0.46
P CCA 0.28 0.29 0.27 0.27 0.27 0.27
P CCC 0.32 0.3 0.11 0.11 0.33 0.33
P CCG 0.11 0.1 0.33 0.33 0.11 0.11
P CCT 0.29 0.31 0.28 0.28 0.28 0.28
Q CAA 0.27 0.26 0.25 0.25 0.25 0.25
Q CAG 0.73 0.74 0.75 0.75 0.75 0.75
R AGA 0.21 0.22 0.2 0.2 0.2 0.2
R AGG 0.21 0.22 0.2 0.2 0.2 0.2
R CGA 0.11 0.12 0.11 0.11 0.11 0.11
R CGC 0.18 0.17 0.21 0.21 0.19 0.19
R CGG 0.2 0.18 0.19 0.19 0.21 0.21
R CGT 0.08 0.08 0.08 0.08 0.08 0.08
S AGC 0.24 0.24 0.06 0.06 0.06 0.24
S AGT 0.15 0.15 0.15 0.15 0.15 0.15
S TCA 0.15 0.14 0.15 0.15 0.15 0.15
S TCC 0.22 0.22 0.22 0.22 0.22 0.22
S TCG 0.05 0.05 0.24 0.24 0.24 0.06
S TCT 0.19 0.2 0.18 0.18 0.18 0.18
T ACA 0.28 0.29 0.28 0.28 0.28 0.28
T ACC 0.36 0.35 0.12 0.12 0.12 0.36
T ACG 0.11 0.1 0.36 0.36 0.36 0.12
T ACT 0.25 0.25 0.24 0.24 0.24 0.24
V GTA 0.12 0.12 0.11 0.11 0.11 0.11
V GTC 0.24 0.25 0.47 0.47 0.47 0.47
V GTG 0.46 0.46 0.24 0.24 0.24 0.24
V GTT 0.18 0.17 0.18 0.18 0.18 0.18
W TGG 1.0 1.0 1.0 1.0 1.0 1.0
Y TAC 0.56 0.57 0.57 0.57 0.57 0.57
Y TAT 0.44 0.43 0.43 0.43 0.43 0.43
